nelm,node
      8,      9
e-id,mtj,jac
      1,      1,      6,      2,      9,      4,      3,      5,      0
      2,      1,      8,      5,      9,      0,      5,      7,      0
      3,      2,      7,      1,      9,      8,      1,      4,      0
      4,      6,      7,      2,      9,      3,      1,      0,      0
      5,      6,      1,      5,      9,      2,      0,      1,      0
      6,      7,      8,      4,      9,      7,      8,      0,      0
      7,      4,      8,      1,      9,      2,      8,      6,      0
      8,      1,      7,      4,      9,      6,      7,      3,      0
n-id,x,y,z
      1,  0.0000000E+00,  0.0000000E+00,  0.0000000E+00
      2,  1.0000000E+00,  0.0000000E+00,  0.0000000E+00
      3,  1.0000000E+00,  1.0000000E+00,  0.0000000E+00
      4,  0.0000000E+00,  1.0000000E+00,  0.0000000E+00
      5,  0.0000000E+00,  0.0000000E+00,  1.0000000E+00
      6,  1.0000000E+00,  0.0000000E+00,  1.0000000E+00
      7,  1.0000000E+00,  1.0000000E+00,  0.0000000E+00
      8,  0.0000000E+00,  1.0000000E+00,  1.0000000E+00
      9,  5.0000000E-01,  5.0000000E-01,  1.3000000E+00
